600025,3
600025,4
600093,19
600021,11
600070,10
600036,18
600093,9
600065,0
600031,0
600026,4
600075,18
600095,18
600065,0
600019,2
600065,0
600079,4
600051,14
600098,12
600013,2
600020,5
600039,15
600007,10
600039,14
600003,5
600029,11
600013,16
600001,8
600095,16
600089,9
600001,8
600076,9
600077,4
600080,17
600041,15
600032,7
600076,3
600028,5
600065,0
600050,7
600063,12
600049,18
600016,2
600095,19
600035,11
600049,18
600094,11
600091,16
600039,12
600059,1
600057,1
600090,4
600015,0
600000,14
600052,19
600077,19
600054,7
600046,13
600055,6
600083,12
600019,8
600053,17